Total times with initial y=0.42: [126.59369231133145, 300.081333036531, 285.6541549615722, 462.60003946823605, 622.6147672740001, 229.80931651871106, 113.3115772225115, 154.97665658704062, 295.3332304662099, 275.47661173051125, 123.7361514300817, 112.40513436391458, 191.9670673154886, 219.3084030811924, 311.35513283907386, 518.7893602284884, 637.2914448020322, 855.6149930383305, 212.1630735151781, 278.9954289164152, 413.9426409396883, 880.5734657617236, 137.7544003258533, 79.04910680898891, 1329.5797049105047, 125.08974773608509, 1426.837353929242, 189.73218400475488, 120.60435087570957, 140.2388791934913, 205.70351338690233, 373.6314896864019, 140.8919758394733, 941.7262722586877, 163.1579707806425, 142.8461277578081, 323.5993336129976, 537.3707563118684, 126.47268439988461, 283.9127079875543, 335.38905124066173, 326.9136923703007, 192.7738129623511, 166.01717174831668, 251.61027765061635, 638.0848898085412, 233.26221287948437, 1202.3820682641344, 157.66478984131865, 269.3924462346771, 773.4736194460319, 341.68779291580506, 99.61095980823475, 324.859632287958, 291.1752727028338, 87.22609688415517, 361.5353834457322, 328.20819005422936, 149.1430364282596, 570.4102052357525, 399.2852378403103, 162.91575398171756, 254.1171496812006, 102.11442202052218, 242.47937435225435, 246.29198825204355, 351.92143729265746, 153.86341845893332, 165.90651234300037, 246.791229381241, 164.6338304438889, 183.11741745676818, 705.6963113762079, 103.14608592994865, 149.80227642791027, 660.323432271381, 156.9739013632399, 155.68230310891275, 568.7268885982979, 166.82798239350274, 1240.1390229156953, 204.48794083679135, 328.21238293115636, 228.48498124941472, 173.20331895907512, 435.1437108063487, 768.2909791470388, 419.0101341887192, 529.2127864945232, 248.884905829913, 162.1464730445, 240.1373861090489, 235.3581307144442, 1155.1782577864199, 222.42658242411517, 98.96009120224903, 90.30988868191984]
Average: 346.7197604548435
StdDev: 289.3636984340241


Total times with initial y=0.434: [248.5637151221022, 409.306947503904, 267.3895669234136, 193.05101346190656, 163.18123985618064, 605.8322618814833, 531.2978433290967, 88.0496857759911, 166.71430901753968, 186.33362132516325, 173.41012120832508, 398.466277348865, 172.36232349840162, 600.1795519719302, 125.90945022170486, 105.2982630600376, 46.73054057726771, 500.07553866943795, 76.14479884974008, 124.34194120724817, 154.18614215913686, 81.16211677483413, 443.3594314541599, 335.79049852532137, 1022.3883001958704, 326.3226454528519, 133.50276627271376, 63.319851664510914, 81.408297397506, 141.14110993513137, 339.95442043891455, 161.17649371304068, 730.2484251742861, 173.62658758371168, 73.19127760050048, 112.23600756508637, 158.81444175289928, 431.9777984782055, 66.96439906739218, 151.65526831692614, 102.0185898149471, 120.38539138014883, 165.0481159203925, 300.07449021121926, 476.05681736713484, 154.36506447737992, 403.53239692496516, 212.23029078756687, 89.38910046419737, 109.11996009078027, 456.3577843057174, 105.04358539574184, 248.9992037743624, 583.245062424592, 86.88018924838015, 663.9714737810951, 300.9486153673832, 243.01340718258382, 383.5763494414499, 217.65114025413098, 297.78817338616767, 119.24310850903078, 433.6993362599115, 111.25455603801814, 92.90263349837876, 114.47940887175649, 89.06358307827406, 72.79064436086054, 89.30563587922242, 1647.7894474833113, 64.89877329617609, 97.8697870161303, 399.4114897304048, 191.27099368897223, 174.97999463350243, 92.27312603684418, 222.9809845086721, 173.3680077091612, 151.41593752276765, 150.74715567182062, 163.4083252406591, 209.1017160081376, 425.214276669512, 303.5565952538127, 543.2081237637002, 169.76443038969458, 188.9099636381187, 150.16524997388095, 214.96358661977817, 88.87115448068819, 662.760624513192, 105.23008268819666, 107.51955655477292]
Average: 257.0664385152735
StdDev: 232.60452496164962


Total times with initial y=0.448: [115.90981123760155, 76.39718340428459, 112.20384572500967, 108.60159816986636, 452.0719336410087, 153.88253765650992, 39.560236443470586, 350.23658249038266, 58.610505072032666, 109.04290261558747, 67.7063597183995, 118.52420641968655, 105.4612360079359, 243.8108419241882, 644.9197515763934, 330.684359288838, 189.4859539016436, 130.45490488170586, 276.5357045518692, 223.78615674700623, 63.35211385281339, 92.75322538639233, 113.99254327860503, 94.17747272591653, 64.64170070882975, 825.5437614994756, 316.8254314760202, 148.70675416149828, 67.22140060123283, 233.88377227190165, 250.31460359767482, 81.08270426160162, 521.5520019690101, 220.74543494492954, 97.46478348515124, 162.02232300052376, 63.983420229381124, 121.00652055389875, 273.0593993020026, 132.30887636308, 163.41522755880055, 101.49027999154963, 74.64573834312537, 167.12463687206352, 66.40177972772689, 138.34268890490878, 104.7265895575369, 108.35626806604918, 83.18588709760631, 150.955420880725, 138.60205402572555, 261.57753660179907, 214.5197177245912, 184.96759771567665, 118.28788080305871, 186.95450521118372, 87.29215933156206, 58.71643102101207, 104.01394911379299, 95.28654677780627, 99.26028635825531, 48.19034035575337, 179.32334945948048, 133.55927956722755, 67.7213502393386, 66.97749091035024, 80.2933887148165, 109.13870082970448, 166.95954294631278, 96.9255052248574, 149.20517664623284, 110.55424177184806, 111.91599135963581, 1307.4298964022312, 362.7272711259334, 113.02336845271057, 131.65164686094684, 160.97469615810604, 116.17026462789488, 52.07030539088376, 97.52405135745465, 83.3376859498172, 118.57936766624093, 429.7909036529303, 67.22095805353135, 142.4051894007829, 223.3496478105402, 80.711185638439, 45.93888133829439, 321.312331403048, 71.44989770602, 72.11764367577082, 515.9630375467076, 344.2374946983922, 243.0525962843718, 123.85317701027992, 130.44909759775337]
Average: 177.69848443982013
StdDev: 174.39809967008406


Total times with initial y=0.462: [94.59999344308545, 231.52590105744733, 107.93715316213435, 87.9303469335072, 89.73624721162585, 978.5209324615121, 47.25549392793232, 129.95677148168969, 84.92421207760299, 1266.6947962160993, 151.32668783346975, 79.0117910971841, 63.39817769437114, 418.70392686951425, 175.00880685709947, 95.45703284362399, 401.2809532258501, 159.8781744056229, 610.7995287295254, 296.626429779457, 95.94722556128637, 530.6730570376124, 485.67063752101035, 79.68421524022153, 176.0342262898183, 171.18957472988353, 209.02078580298078, 347.6852731176832, 121.5177797050389, 1364.554255242656, 1167.93006785675, 117.8060019168127, 181.49196354218049, 171.63615790056713, 372.6829319564844, 230.3025479621332, 181.8563878870534, 474.5504792274398, 187.94257748445037, 72.52497307834686, 100.33746307802275, 582.6342000308349, 168.1540459001431, 124.36374454866213, 690.4639325812782, 95.62672752497824, 73.09219600902705, 228.7913300023258, 103.51451043462382, 481.7469021213464, 54.53415750318601, 375.1828451353061, 123.10994586377215, 370.2721963129446, 107.87736848607949, 93.48233749977783, 148.9477207947633, 187.01474670348972, 205.7661549640061, 271.2515973164713, 235.68528102968332, 161.5664138153138, 154.4961946185181, 251.33424157122292, 107.29334634262887, 332.1076292344998, 109.53888917226405, 127.82515124766964, 490.67067958628564, 51.29676213908737, 352.9257272231928, 195.36542034576098, 96.10213117011116, 226.16749457627793, 568.4487800847493, 1053.3469441239458, 95.79384638815574, 103.23718760809923, 91.9732235952756, 264.5914037174342, 120.4372774539966, 125.95399888818338, 246.05797534401503, 263.7894138246867, 109.63422772700937, 249.6777151713565, 58.67749880092312, 163.42590156171593, 71.8426756156302, 163.70811119149045, 186.59550721415297, 1398.9349399356636, 135.85133380909573, 313.5217417625356, 299.48747390861274, 356.4614106535864, 912.3517296259207, 137.63105663629074, 169.199587309731]
Average: 277.2772214465109
StdDev: 284.5571673124511


Total times with initial y=0.476: [141.41707945255013, 79.92800994836094, 185.54607728859042, 192.40259875619228, 187.13807603889856, 249.2233317250505, 68.66317576084919, 207.27717527470324, 45.15382785995938, 235.92548372339536, 182.95320877317005, 82.20374200589275, 293.3017562378941, 222.52074574651056, 550.6597484917318, 133.994486651654, 35.05473801623438, 175.64965723193504, 91.20928926410616, 36.95884835388019, 119.30725107898266, 103.89291575771341, 74.95161562670444, 123.15003122696103, 132.42039524276316, 1781.3964385848165, 99.84908589933289, 311.4541039643218, 40.37987397925276, 68.94523332886523, 229.25998440386357, 99.87863085735906, 112.41164280886733, 168.11923844240005, 328.48256932346413, 126.4502038558992, 87.46417036628613, 155.97529020315156, 70.41846847806627, 1097.4109509777536, 163.88184318860215, 89.98896334404655, 175.9686660890912, 109.31854202709614, 157.62074056278465, 50.740821341548155, 80.81250772720428, 424.1876165069485, 100.06028512700385, 117.61654454477515, 104.2732726046873, 30.506966271282472, 168.1668898594059, 40.508378136709496, 392.0659803250177, 34.51805567600685, 267.69862392192033, 130.8222908455889, 72.30974596994534, 247.46772756255925, 394.513698563371, 255.48540254709854, 54.46317281277585, 91.4553203363698, 171.0088659296493, 74.60298399433171, 63.44185773062997, 39.37581165881278, 64.7447532289121, 167.91839027700289, 39.364154583466664, 202.6803253793163, 175.15870887895247, 160.4940709978107, 185.97492340384315, 93.61226295322079, 499.1219251697426, 69.84684177606084, 76.25842177201628, 55.38454824170014, 393.4453377249758, 238.0595869567328, 170.57654721689127, 279.85492506274, 68.41372289940615, 87.11625065681345, 239.53520040928532, 146.61309396175395, 95.98181972813876, 140.6741167200007, 118.53767377815828, 106.6134844774117, 179.23295390734881, 102.1764355657551, 94.00154086435688, 84.7622118456915, 622.8812381737487]
Average: 183.40944528685463
StdDev: 219.7360770313071


Total times with initial y=0.49: [93.48649436048466, 249.08141516074576, 186.2521442826436, 388.2897309799793, 977.4860045359898, 239.5362091691768, 162.68660198351185, 77.63955813625499, 403.611292600913, 89.82763378828082, 76.43339068628602, 155.65077248821635, 230.8116257287257, 383.06809411619736, 124.13392192265836, 132.64228040700192, 79.838287665908, 83.59542445998736, 316.8657144201889, 345.84512425217633, 82.40883303187267, 573.4914319176079, 294.6381546514537, 124.41218956420707, 52.87530568618393, 548.3399665737052, 201.0537928470378, 303.7794953900937, 693.8281037461295, 120.24105607110226, 212.35038540830894, 1382.889413622755, 331.7908257993077, 114.65730838422553, 155.03248668615532, 364.4588890909466, 100.94281516756297, 257.72630960231004, 426.90416818065324, 466.66439563426235, 200.88709205507425, 156.47017405625422, 126.53946003557463, 320.3977446938787, 973.9081401953329, 123.79558400449852, 190.66999908024178, 98.53320225210697, 315.3460941839259, 113.53463154796925, 109.60701690989977, 473.4742507452842, 333.91011390841226, 116.79777568414865, 152.26371965907853, 674.0603469714583, 63.2063527110609, 70.81159480474335, 81.50111525988908, 155.02531350255992, 94.08983482478183, 91.85202704954847, 330.144794884021, 260.7730112301673, 353.8416230231565, 651.4718026875339, 217.10403891105847, 207.80966762478454, 278.4295510106868, 131.80206406423346, 380.0224126832442, 130.50090532445708, 34.58959795769024, 89.7788953326387, 130.4830546194657, 253.73630489970245, 795.7077522421544, 177.93722013281638, 163.83775125141642, 135.45185788343352, 117.14903074388263, 81.40150226488424, 80.69643758350024, 96.46982984293784, 1831.4899039422821, 127.94255605138922, 378.3299665171148, 119.15247103281972, 402.5020827078465, 145.50392405846384, 310.41350470665515, 50.582831170049424, 202.51667178140744, 157.9993084476673]
Average: 270.9310740313882
StdDev: 275.62516067281604


Total times with initial y=0.504: [82.12183146618862, 124.0038431992611, 124.52885293602826, 88.55220530560243, 269.384041193858, 311.59717969056084, 83.93358060979483, 179.229584536292, 727.608314125219, 145.94467440959366, 98.34578052142885, 174.46176394137723, 64.70804322246029, 130.3913329984126, 180.25393862399972, 156.4482811351945, 138.90425798219206, 652.2558940325533, 331.53928512050373, 125.16006827021324, 106.93153328276817, 990.5158605514491, 1078.3153501783424, 386.4471525670303, 265.5719086471024, 82.82448665553389, 57.59406565554203, 77.1615660525634, 190.57915282942471, 35.425905578712246, 133.3004893927656, 75.67338175629354, 170.0205564375426, 105.53119862531214, 88.07729074628135, 73.28385593867054, 216.86289031821818, 106.37229746171148, 346.29364193720323, 165.46395336590305, 80.36295040701401, 76.46950553492393, 89.97230115271934, 83.24773249410288, 74.07612388106214, 120.81716089369398, 84.80479548492472, 165.44828380359655, 79.28017828034811, 101.59709236759238, 188.84006761332378, 138.75403368875948, 92.94903976493678, 156.2864751540509, 175.0087225818473, 177.9242015716244, 105.46244771162324, 240.12728769797425, 209.18978045928935, 204.56153855732032, 100.16534422061144, 60.448635861437644, 241.96572293554016, 167.08219902549894, 1092.072526832284, 52.95525861170678, 137.27564667187252, 269.3475257311072, 150.27426765425113, 161.33670701857, 233.6940213662828, 55.83543220957195, 114.82425683740509, 1065.7320976811773, 115.59083980976494, 54.48501516084327, 110.06653985522792, 63.88305475569673, 60.17949630536793, 63.49979171656246, 75.01225681241745, 167.76997402819, 1331.9050159052126, 83.06078313440219, 110.5982239432245, 301.3848783067646, 95.71767346770633, 146.528628764144, 119.73741535074234, 184.3481312639058, 97.60070725130166, 117.80422792288839, 118.67624314980961, 141.63896904921597, 152.03501801915357, 135.98855531671825, 78.06782601923703, 82.50548903605345, 61.474596028143715, 125.78805758199496]
Average: 196.85156061011838
StdDev: 235.45210470542574


Total times with initial y=0.518: [721.1233440716578, 1432.2268513591584, 1447.4042593067954, 1207.91751478683, 1367.3448806798758, 551.7039649462067, 572.6597966928356, 653.5916470659071, 1719.0074666502478, 881.3996156217, 1911.9315532870846, 1396.6231767216136, 1468.8593650045595, 1612.9705303597566, 316.08321620818265, 1969.8776918362385, 1403.9302325043407, 789.5391272472309, 1360.4780845826683, 891.7565052617917, 637.6036284244684, 1626.7342112657852, 1124.3763190228117, 1771.7649743774336, 1398.9226611882564, 737.5994090869226, 592.1960007026559, 1741.93212114689, 1491.117990123956, 585.0558754143566, 499.35421384337707, 444.99584002531407, 1857.8866710032685, 671.8811072400011, 994.8376300891082, 1240.9784936956964, 677.6487444286131, 1724.3735814762958, 1486.7735790559207, 1099.3661571724115, 1681.4421797522548, 589.4934323718385, 401.76184247977045, 797.6627205325299, 1489.0452155516043, 1433.6136423740213, 1260.131630304231, 763.0964916468013, 553.1468818821699, 1842.598980464415, 1601.543792135277, 1927.8141455881916, 426.86266138765615, 1193.2372335563705, 671.6915617336388]
Average: 1140.2721899043454
StdDev: 485.33451141153256


Total times with initial y=0.532: [191.59589371610207, 1554.1047250171448, 109.06777865948202, 100.41872951444982, 116.29101803336357, 141.47042104171163, 554.8124691930146, 497.5736595820306, 264.22516331422116, 126.29958525636005, 78.01227733518073, 52.194205572027954, 138.831514043944, 124.77784621245162, 273.1793308640337, 149.2913192973643, 370.81309434845656, 89.18377267795783, 64.88776017298504, 416.36360765016957, 181.46229076281725, 1169.6384986858666, 117.23192664651569, 154.67716987660074, 104.65198663817766, 80.14179888761824, 241.20786004079565, 129.9631612450778, 128.26055558200832, 102.03074306184419, 128.76274525670647, 408.6159660619237, 376.26131441219087, 108.25181686105533, 656.179249746994, 454.928914466895, 296.20916728715355, 165.78015844025285, 135.28262408550924, 1094.3468815108217, 73.62737109875648, 548.848573197218, 710.8233416651987, 1578.5906348354583, 215.50846558648857, 156.81485879747143, 245.65927772260994, 119.65042343325527, 81.75542709342459, 57.44775770656928, 76.66162332511956, 619.7768771527898, 75.04350832732204, 639.7056543000026, 68.50824583335547, 206.09207319968567, 135.72145770871572, 109.82188937387427, 248.83046245604484, 154.3668163791872, 184.75042497352283, 136.25007167742115, 258.1724492909954, 324.0201165509194, 292.5547686543276, 142.24583169145788, 1331.2702170673654, 337.06082043062, 88.34810251168827, 131.0143067745049, 174.0482979372227, 95.77495310728888, 643.0753941536319, 70.52513564501558, 72.98553342460929, 143.3208139611937, 51.58719354649892, 149.97647198011018, 231.73966057309906, 116.96624431227893, 128.34852256224505, 304.11668702985685, 147.77119889234893, 69.06011048244571, 190.2997622838302, 134.16224989077952, 379.16622706940325, 240.261487666691, 59.8454389164736, 182.0753806368712, 210.53562536923056, 727.8554799572219, 132.85597677124625, 286.8706115799315, 912.0510257840053, 85.87551653293444, 625.7869649957512, 213.14258679518994]
Average: 283.4316469564495
StdDev: 306.83555074637746


Total times with initial y=0.546: [138.16949122244753, 121.44024288356394, 638.7639238521667, 300.2827622740394, 139.37595084248775, 44.01330248553779, 102.95479630000101, 79.60240885355299, 363.63373203109484, 145.28407751879732, 355.9375918787544, 131.53309657492014, 276.36006473384174, 77.07482305768315, 118.74376446974654, 211.62877558277037, 126.91285102049167, 161.40783523615812, 1551.2320709865662, 87.01662085920238, 224.5968718836111, 127.38370026398688, 70.86051095711206, 215.13145662641236, 345.8373278485438, 236.06104344837414, 167.7280739041521, 1103.1238236691368, 305.191694959376, 175.08823167219884, 75.37052989299886, 200.6708272268239, 187.83567815721145, 214.78986237437672, 114.34648431708446, 46.39160538856125, 70.55464373462846, 187.25660362118566, 378.6349328804164, 187.79677821911343, 61.6817364159373, 731.6376188560741, 197.5489566905689, 148.29195058272376, 135.93511202639937, 130.45424155010764, 110.39673987879728, 380.256087450302, 414.24407108157396, 144.24364738991906, 98.72283087372192, 71.41883270461811, 136.62661114059296, 118.60101789712036, 208.14982974905976, 179.5708295514948, 85.11520975999336, 95.52719668939339, 364.83902454727945, 87.45845268190536, 168.7788166847298, 128.12094280663777, 79.93419808174016, 150.77467537712164, 79.51829646578415, 157.38989508259723, 174.2700848695187, 119.89769453803336, 56.81387138773668, 217.36101379539795, 267.39810374956295, 86.914824795711, 193.29176110288125, 85.68753023957497, 171.16244963436537, 95.61753631298701, 1816.6894295394522, 303.58519783932604, 305.9621299446378, 140.94538625815088, 60.34110230564556, 96.2082064011764, 559.5360681968284, 220.10228940132635, 1072.5524428088647, 236.51873721524214, 300.4969125592827, 202.35958213564282, 85.44213159995225, 159.0106433550733, 78.60117439526178, 194.11250833707837, 150.8871950878618, 106.56998828117825, 114.85178580547061, 220.43420246556371, 280.53384526827523]
Average: 233.4578506737359
StdDev: 274.2973884787171


Total times with initial y=0.56: [185.44149741905352, 123.3236014982142, 309.9867735901559, 410.1871858859168, 145.86567670565867, 150.77384594930177, 129.13771570557998, 75.3015558592, 232.75923332069368, 80.03608823548339, 120.21501493505318, 1727.0530474643717, 60.45963228529369, 319.4259851182084, 1131.5161777873966, 105.00975157686773, 212.79633176810728, 51.984908881410774, 64.80894432075912, 663.7945278569455, 227.02043416543367, 56.04932896579223, 358.5317196276627, 422.95227139167343, 120.67977654107739, 76.190982886269, 82.96260422408062, 59.707882569871856, 76.80841853649041, 155.31255263428588, 153.78518523080376, 123.55836336816618, 58.329518898043546, 353.82764414881296, 518.9934392997521, 125.41198003528451, 479.5700576954026, 127.62203225049697, 186.13999643405197, 699.9550317192751, 282.4854062159386, 160.83222966091543, 220.7505490546892, 91.33236669482444, 136.94999439397594, 112.46112001443208, 58.1723854870401, 264.8318628230042, 327.2036937221333, 104.57700591872221, 336.23101187890126, 188.41278951808886, 627.5055925863213, 284.3057598049788, 178.35324027260285, 107.6542132813172, 95.12611784196639, 159.84470491756312, 300.6803358487505, 55.939224773527435, 103.47745719113566, 182.53144592573412, 131.40419553688562, 150.94326140218683, 117.4282464529085, 236.72966676110676, 114.58979405602996, 106.1346941623344, 111.35825289701698, 100.97423075078184, 70.31237904449011, 374.00369632045323, 110.49151486028848, 60.90563201858955, 139.59658662914106, 152.29480374791487, 142.87495070015123, 69.79141006126062, 96.6151913967604, 279.4690396495429, 57.299018103464704, 120.63196328047918, 423.16147174567203, 286.0928137826338, 67.35735641721108, 110.60830883843724, 92.69250176255989, 579.0649294433665, 118.82544080911073, 301.823760929139, 112.62787671124218, 99.06169478952623, 105.8257069598536, 434.87470603547166, 94.72051601144946, 73.61272246611688, 308.4142473055058, 211.4583774833883, 79.47320868242154]
Average: 216.02514537997834
StdDev: 228.73534166973107